Episode	EpReward	EpSteps	EpDist	DistHigh	AverageStepReward	StdStepReward	MaxStepReward	MinStepReward	AverageDeltaProg	StdDeltaProg	MaxDeltaProg	MinDeltaProg	TotalSteps	EpTime	TotalTime
1	-99.9999999999986	1000	110.83863	110.83863	-0.10000002	1.4901161e-08	-0.1	-0.1	0.11082788	0.123554505	0.951054	-0.8386574	1000	10.348156452178955	10.348156452178955
2	935.3999999999994	647	148.7036	148.7036	1.4457496	39.287594	1000.0	-0.1	0.22983079	0.6448352	9.468483	-0.34752083	1647	10.44223666191101	20.792393684387207
3	936.7999999999994	633	146.05873	148.7036	1.4799368	39.718994	1000.0	-0.1	0.23073556	0.5951664	9.945539	-0.4036827	2280	10.52806568145752	31.322460651397705
4	939.2999999999994	608	150.4024	150.4024	1.5449013	40.526043	1000.0	-0.1	0.24736607	0.6995369	9.642403	-0.2817726	2888	10.38322138786316	41.707683086395264
5	946.6999999999995	534	156.76189	156.76189	1.7728463	43.238018	1000.0	-0.1	0.29355568	0.7942594	9.641428	-0.1082325	3422	9.318033933639526	51.027716636657715
6	935.1999999999994	649	154.58495	156.76189	1.4409862	39.227104	1000.0	-0.1	0.23818299	0.6653516	9.365146	-0.21933556	4071	10.45220685005188	61.48192358016968
7	940.9999999999994	591	155.51923	156.76189	1.5922166	41.103798	1000.0	-0.1	0.26314056	0.668117	9.739462	-0.21029282	4662	9.921390295028687	71.4043197631836
8	936.1999999999994	639	148.12102	156.76189	1.4651017	39.532375	1000.0	-0.1	0.23179539	0.5575174	9.543748	-0.37606812	5301	10.41599440574646	81.82131361961365
9	939.3999999999994	607	156.99078	156.99078	1.5476112	40.559357	1000.0	-0.1	0.258631	0.64730227	9.740022	-0.12653351	5908	10.142245054244995	91.96509957313538
10	937.7999999999994	623	144.21329	156.99078	1.505297	40.035988	1000.0	-0.1	0.23147911	0.5682996	9.841457	-0.14517021	6531	10.475066423416138	102.44116616249084
11	948.0999999999996	520	166.18796	166.18796	1.8232692	43.815094	1000.0	-0.1	0.3195888	0.8616765	9.94452	-0.11695862	7051	9.166492462158203	111.6086585521698
12	-99.9999999999986	1000	0.004504964	166.18796	-0.10000002	1.4901161e-08	-0.1	-0.1	1.9938052e-06	0.39158842	9.839936	-1.3146286	8051	15.682800769805908	127.29245805740356
13	-99.9999999999986	1000	0.015282704	166.18796	-0.10000002	1.4901161e-08	-0.1	-0.1	1.2428843e-05	0.06266416	0.24681957	-0.29560137	9051	14.666476726531982	141.9599392414093
14	-99.9999999999986	1000	0.006119286	166.18796	-0.10000002	1.4901161e-08	-0.1	-0.1	2.3968964e-06	0.062666185	0.4149415	-0.28631777	10051	15.296369314193726	157.257306098938
15	-99.9999999999986	1000	0.097506545	166.18796	-0.10000002	1.4901161e-08	-0.1	-0.1	9.413009e-05	0.18899591	2.9159558	-1.241437	11051	15.12117600440979	172.38047981262207
16	-99.9999999999986	1000	0.0051224134	166.18796	-0.10000002	1.4901161e-08	-0.1	-0.1	3.2266676e-06	0.20743287	2.7800827	-1.0008171	12051	14.556910276412964	186.93839025497437
17	-99.9999999999986	1000	0.85038376	166.18796	-0.10000002	1.4901161e-08	-0.1	-0.1	0.0008479225	0.38386992	9.209366	-1.1550522	13051	15.245342493057251	202.18473148345947
18	-99.9999999999986	1000	3.9624217	166.18796	-0.10000002	1.4901161e-08	-0.1	-0.1	0.0039600166	0.46025205	9.846387	-3.8728638	14051	15.97112488746643	218.15686202049255
19	-99.9999999999986	1000	0.14122728	166.18796	-0.10000002	1.4901161e-08	-0.1	-0.1	0.00013981319	0.307477	4.214303	-3.753288	15051	15.143099784851074	233.300963640213
20	-99.9999999999986	1000	2.3357449	166.18796	-0.10000002	1.4901161e-08	-0.1	-0.1	0.0023302427	0.44155118	9.284118	-3.4117167	16051	15.186647176742554	248.48961067199707
21	-99.9999999999986	1000	0.00408185	166.18796	-0.10000002	1.4901161e-08	-0.1	-0.1	2.5911331e-06	0.38571763	3.2555418	-6.2990904	17051	15.50718879699707	263.9977996349335
22	-99.9999999999986	1000	5.2070813	166.18796	-0.10000002	1.4901161e-08	-0.1	-0.1	0.0052046124	0.5089366	9.647869	-8.362683	18051	15.888587951660156	279.8873875141144
23	-99.9999999999986	1000	0.0051626777	166.18796	-0.10000002	1.4901161e-08	-0.1	-0.1	-0.0005996199	0.39280492	3.7972856	-5.373713	19051	15.104139804840088	294.9935266971588
24	-99.9999999999986	1000	0.0052534947	166.18796	-0.10000002	1.4901161e-08	-0.1	-0.1	2.7186275e-06	0.4168671	9.744485	-3.0458941	20051	15.618319034576416	310.6128430366516
25	-99.9999999999986	1000	0.59470993	166.18796	-0.10000002	1.4901161e-08	-0.1	-0.1	0.000594302	0.33369845	3.6338816	-2.851748	21051	14.949462175369263	325.56330704689026
26	-99.9999999999986	1000	0.020197153	166.18796	-0.10000002	1.4901161e-08	-0.1	-0.1	1.8953502e-05	0.29338133	3.0285645	-2.0972695	22051	15.251118421554565	340.81542348861694
27	-99.9999999999986	1000	0.013219103	166.18796	-0.10000002	1.4901161e-08	-0.1	-0.1	9.4155075e-06	0.2814286	3.631606	-1.8415099	23051	14.73575210571289	355.55217456817627
28	-99.9999999999986	1000	0.12257483	166.18796	-0.10000002	1.4901161e-08	-0.1	-0.1	0.00012006629	0.5055149	9.460374	-7.6253624	24051	16.657191276550293	372.2103679180145
29	-99.9999999999986	1000	2.4997022	166.18796	-0.10000002	1.4901161e-08	-0.1	-0.1	0.0024972376	0.24856988	2.4506798	-1.3597944	25051	15.389854907989502	387.6022229194641
30	-99.9999999999986	1000	0.003539276	166.18796	-0.10000002	1.4901161e-08	-0.1	-0.1	5.341768e-07	0.46879062	9.55367	-1.39754	26051	16.438247680664062	404.0414707660675
31	-99.9999999999986	1000	0.8264412	166.18796	-0.10000002	1.4901161e-08	-0.1	-0.1	0.0008238462	0.43493295	9.6458645	-1.3432152	27051	17.171587467193604	421.214058637619
32	-99.9999999999986	1000	0.01800003	166.18796	-0.10000002	1.4901161e-08	-0.1	-0.1	1.6312897e-05	0.23334084	2.2146976	-1.8083938	28051	15.637572526931763	436.8526346683502
33	-99.9999999999986	1000	2.4722297	166.18796	-0.10000002	1.4901161e-08	-0.1	-0.1	0.0024697613	0.42584127	9.749372	-2.9604897	29051	15.900491952896118	452.75412464141846
34	-99.9999999999986	1000	0.0151603315	166.18796	-0.10000002	1.4901161e-08	-0.1	-0.1	1.1335522e-05	0.42834044	9.550745	-2.4591258	30051	16.614275693893433	469.36940026283264
35	-99.9999999999986	1000	0.004440306	166.18796	-0.10000002	1.4901161e-08	-0.1	-0.1	1.2939572e-06	0.4525188	9.548509	-3.1113045	31051	16.06040358543396	485.4308052062988
36	-99.9999999999986	1000	1.4203936	166.18796	-0.10000002	1.4901161e-08	-0.1	-0.1	0.00141837	0.25108913	3.400364	-1.5356255	32051	15.625531435012817	501.05738282203674
37	-99.9999999999986	1000	0.03210343	166.18796	-0.10000002	1.4901161e-08	-0.1	-0.1	2.9683173e-05	0.22596872	1.1260567	-1.12509	33051	14.923067331314087	515.9814493656158
38	-99.9999999999986	1000	0.12732552	166.18796	-0.10000002	1.4901161e-08	-0.1	-0.1	0.000118568656	0.1331647	0.9471156	-0.9971659	34051	14.867413520812988	530.8499047756195
39	-99.9999999999986	1000	0.005440568	166.18796	-0.10000002	1.4901161e-08	-0.1	-0.1	2.9388964e-06	0.41504717	9.563315	-1.8003376	35051	16.392274141311646	547.2421789169312
40	-99.9999999999986	1000	0.0050812783	166.18796	-0.10000002	1.4901161e-08	-0.1	-0.1	3.1022728e-06	0.065314	0.41090962	-0.28930515	36051	14.521375894546509	561.7645592689514
41	-99.9999999999986	1000	0.42169273	166.18796	-0.10000002	1.4901161e-08	-0.1	-0.1	0.00041931344	0.40372318	8.983837	-1.7910163	37051	16.225712537765503	577.9912757873535
42	-99.9999999999986	1000	0.69522774	166.18796	-0.10000002	1.4901161e-08	-0.1	-0.1	0.0006927476	0.4291657	9.650651	-1.5584111	38051	16.6777241230011	594.6705024242401
43	-99.9999999999986	1000	0.14139248	166.18796	-0.10000002	1.4901161e-08	-0.1	-0.1	0.00013753746	0.42234027	9.455617	-2.0079126	39051	15.521878242492676	610.1933786869049
44	-99.9999999999986	1000	0.021185441	166.18796	-0.10000002	1.4901161e-08	-0.1	-0.1	1.661323e-05	0.23512654	5.5875335	-1.1031597	40051	15.044645547866821	625.2390291690826
45	-99.9999999999986	1000	0.0054365373	166.18796	-0.10000002	1.4901161e-08	-0.1	-0.1	2.9864311e-06	0.41590583	9.212597	-1.3278384	41051	15.897242784500122	641.1372721195221
46	-99.9999999999986	1000	1.153126	166.18796	-0.10000002	1.4901161e-08	-0.1	-0.1	0.0011506479	0.45710713	9.746055	-4.5702114	42051	15.853848695755005	656.9931211471558
47	-99.9999999999986	1000	0.038312227	166.18796	-0.10000002	1.4901161e-08	-0.1	-0.1	3.5420002e-05	0.2836464	3.5641103	-1.0799899	43051	14.648104906082153	671.6427290439606
48	-99.9999999999986	1000	0.795316	166.18796	-0.10000002	1.4901161e-08	-0.1	-0.1	0.000792169	0.4192424	9.6465	-1.403893	44051	16.014954566955566	687.6586835384369
49	-99.9999999999986	1000	0.60354805	166.18796	-0.10000002	1.4901161e-08	-0.1	-0.1	0.0006006377	0.28086567	3.686267	-2.1504002	45051	14.283730745315552	701.9434154033661
50	-99.9999999999986	1000	0.0044722855	166.18796	-0.10000002	1.4901161e-08	-0.1	-0.1	1.021117e-06	0.44033098	9.751293	-1.9549451	46051	16.228818655014038	718.1732335090637
51	-99.9999999999986	1000	0.007192813	166.18796	-0.10000002	1.4901161e-08	-0.1	-0.1	3.367901e-06	0.47779658	9.456503	-6.3552547	47051	15.701918125152588	733.8761520385742
52	-99.9999999999986	1000	0.0033755526	166.18796	-0.10000002	1.4901161e-08	-0.1	-0.1	-1.7685518e-06	0.06433624	0.46910435	-0.36077726	48051	14.587872505187988	748.4665703773499
53	-99.9999999999986	1000	0.0026482227	166.18796	-0.10000002	1.4901161e-08	-0.1	-0.1	-2.4759695e-06	0.06246033	0.434131	-0.259355	49051	15.01595950126648	763.4835343360901
54	-99.9999999999986	1000	0.0036940672	166.18796	-0.10000002	1.4901161e-08	-0.1	-0.1	1.937613e-06	0.06474706	0.5663569	-0.3609893	50051	14.2698233127594	777.7543590068817
55	-99.9999999999986	1000	0.85095805	166.18796	-0.10000002	1.4901161e-08	-0.1	-0.1	0.0008479581	0.06930139	0.73826164	-0.32040158	51051	14.515239953994751	792.2706005573273
56	-99.9999999999986	1000	0.017552588	166.18796	-0.10000002	1.4901161e-08	-0.1	-0.1	1.4916599e-05	0.38300565	8.830139	-2.1707292	52051	15.610010385513306	807.8826124668121
57	-99.9999999999986	1000	0.004117481	166.18796	-0.10000002	1.4901161e-08	-0.1	-0.1	1.1309684e-06	0.252375	1.6885204	-5.0301137	53051	14.496009588241577	822.3796212673187
58	-99.9999999999986	1000	0.042777713	166.18796	-0.10000002	1.4901161e-08	-0.1	-0.1	4.024601e-05	0.25925687	3.6341603	-1.3949691	54051	14.641653537750244	837.022275686264
59	-99.9999999999986	1000	0.8153368	166.18796	-0.10000002	1.4901161e-08	-0.1	-0.1	0.0008124179	0.16146459	3.6592252	-0.83956146	55051	14.81348466873169	851.8367614746094
60	-99.9999999999986	1000	1.4555604	166.18796	-0.10000002	1.4901161e-08	-0.1	-0.1	0.0014531037	0.4603921	8.977319	-5.865005	56051	15.46128535270691	867.299046754837
61	-99.9999999999986	1000	0.0037877841	166.18796	-0.10000002	1.4901161e-08	-0.1	-0.1	2.5488139e-06	0.06411879	0.40796342	-0.27889085	57051	14.602477073669434	881.9025292396545
62	-99.9999999999986	1000	0.004750246	166.18796	-0.10000002	1.4901161e-08	-0.1	-0.1	9.196326e-07	0.06526561	0.34488037	-0.33836213	58051	14.705017328262329	896.608546257019
63	-99.9999999999986	1000	0.026665572	166.18796	-0.10000002	1.4901161e-08	-0.1	-0.1	2.5903657e-05	0.06321176	0.5171612	-0.31569517	59051	14.809059381484985	911.4186046123505
64	-99.9999999999986	1000	0.008758199	166.18796	-0.10000002	1.4901161e-08	-0.1	-0.1	6.8702398e-06	0.14945553	0.86471385	-1.330189	60051	14.907825708389282	926.3264303207397
65	-99.9999999999986	1000	0.005829285	166.18796	-0.10000002	1.4901161e-08	-0.1	-0.1	3.3484698e-06	0.40641603	9.308964	-1.3067398	61051	15.710875272750854	942.039306640625
66	-99.9999999999986	1000	0.0032895945	166.18796	-0.10000002	1.4901161e-08	-0.1	-0.1	4.5603514e-07	0.19627368	2.0738978	-0.9632991	62051	14.342464208602905	956.3832743167877
67	-99.9999999999986	1000	1.0864038	166.18796	-0.10000002	1.4901161e-08	-0.1	-0.1	0.0010841707	0.27006322	3.0359373	-1.1934155	63051	14.837523698806763	971.2227973937988
68	-99.9999999999986	1000	0.0060022185	166.18796	-0.10000002	1.4901161e-08	-0.1	-0.1	-1.401037e-06	0.0672002	0.49760106	-0.37097695	64051	14.472092628479004	985.6958935260773
69	-99.9999999999986	1000	0.017517803	166.18796	-0.10000002	1.4901161e-08	-0.1	-0.1	1.4268674e-05	0.06328042	0.4058383	-0.2591824	65051	14.201442003250122	999.8993365764618
70	-99.9999999999986	1000	0.003920828	166.18796	-0.10000002	1.4901161e-08	-0.1	-0.1	1.8526763e-06	0.06385255	0.46853346	-0.3526302	66051	14.939735651016235	1014.8400979042053
71	-99.9999999999986	1000	0.016021077	166.18796	-0.10000002	1.4901161e-08	-0.1	-0.1	1.0772139e-05	0.06693395	0.6789346	-0.4235414	67051	14.577776432037354	1029.418875694275
72	-99.9999999999986	1000	0.014388518	166.18796	-0.10000002	1.4901161e-08	-0.1	-0.1	1.0926038e-05	0.061752185	0.5256768	-0.33836213	68051	14.74980616569519	1044.1706819534302
73	-99.9999999999986	1000	2.0395753	166.18796	-0.10000002	1.4901161e-08	-0.1	-0.1	0.002036398	0.30215526	3.3951082	-1.15195	69051	14.35664415359497	1058.528326511383
74	-99.9999999999986	1000	0.044892438	166.18796	-0.10000002	1.4901161e-08	-0.1	-0.1	4.1827632e-05	0.060903966	0.3372929	-0.3010233	70051	14.455244064331055	1072.9845702648163
75	-99.9999999999986	1000	0.1329857	166.18796	-0.10000002	1.4901161e-08	-0.1	-0.1	0.00013034415	0.14611137	2.7938619	-1.3567507	71051	14.558073043823242	1087.5446481704712
76	-99.9999999999986	1000	0.0043732333	166.18796	-0.10000002	1.4901161e-08	-0.1	-0.1	1.3398528e-06	0.38907686	9.39676	-1.7334418	72051	15.281708478927612	1102.827360868454
77	-99.9999999999986	1000	0.0004422402	166.18796	-0.10000002	1.4901161e-08	-0.1	-0.1	-1.6133189e-06	0.1872903	3.1363926	-1.3898476	73051	14.312076330184937	1117.1404385566711
78	-99.9999999999986	1000	0.0058352454	166.18796	-0.10000002	1.4901161e-08	-0.1	-0.1	4.590824e-06	0.06321825	0.46831763	-0.2646662	74051	14.554360628128052	1131.6967985630035
79	-99.9999999999986	1000	1.9193009	166.18796	-0.10000002	1.4901161e-08	-0.1	-0.1	0.0019163353	0.18950729	3.3812861	-1.1980863	75051	14.556998491287231	1146.2557969093323
80	-99.9999999999986	1000	0.0066949753	166.18796	-0.10000002	1.4901161e-08	-0.1	-0.1	4.1394233e-06	0.42459628	9.56368	-1.7769995	76051	15.717979669570923	1161.9757809638977
81	-99.9999999999986	1000	2.2873402	166.18796	-0.10000002	1.4901161e-08	-0.1	-0.1	0.0022832218	0.23420984	2.194528	-3.0673473	77051	14.785077095031738	1176.7618625164032
82	-99.9999999999986	1000	1.0862397	166.18796	-0.10000002	1.4901161e-08	-0.1	-0.1	0.0010850531	0.13124171	0.80211294	-2.6793995	78051	14.430542707443237	1191.1934051513672
83	-99.9999999999986	1000	0.002294969	166.18796	-0.10000002	1.4901161e-08	-0.1	-0.1	1.7495901e-06	0.06478033	0.52470696	-0.27007738	79051	14.716218948364258	1205.9116246700287
84	-99.9999999999986	1000	1.5403259	166.18796	-0.10000002	1.4901161e-08	-0.1	-0.1	0.0015379176	0.39242554	8.986566	-1.0900954	80051	15.77952527999878	1221.6921498775482
85	-99.9999999999986	1000	0.01667294	166.18796	-0.10000002	1.4901161e-08	-0.1	-0.1	1.426655e-05	0.44625786	9.648745	-5.4999905	81051	15.229125022888184	1236.922275543213
86	-99.9999999999986	1000	6.0334167	166.18796	-0.10000002	1.4901161e-08	-0.1	-0.1	0.006028512	0.30186033	4.120674	-1.0896125	82051	14.934558391571045	1251.857834815979
87	-99.9999999999986	1000	3.3661826	166.18796	-0.10000002	1.4901161e-08	-0.1	-0.1	0.0033622046	0.5014167	9.847722	-5.974073	83051	16.85711169242859	1268.7169511318207
88	-99.9999999999986	1000	1.074037	166.18796	-0.10000002	1.4901161e-08	-0.1	-0.1	0.0010716831	0.17319314	1.1584797	-1.736221	84051	15.180343627929688	1283.8982961177826
89	-99.9999999999986	1000	0.010238019	166.18796	-0.10000002	1.4901161e-08	-0.1	-0.1	7.105723e-06	0.16539817	2.8674536	-1.112288	85051	15.026023626327515	1298.9253346920013
90	-99.9999999999986	1000	0.13650703	166.18796	-0.10000002	1.4901161e-08	-0.1	-0.1	0.00013405013	0.3963233	9.296615	-1.393458	86051	16.767438411712646	1315.6937727928162
91	-99.9999999999986	1000	3.160768	166.18796	-0.10000002	1.4901161e-08	-0.1	-0.1	0.0031552757	0.2781376	3.6025336	-1.7940422	87051	15.315659046173096	1331.0104320049286
92	-99.9999999999986	1000	0.016805856	166.18796	-0.10000002	1.4901161e-08	-0.1	-0.1	1.2936473e-05	0.4131827	9.373623	-2.1690373	88051	17.254643440246582	1348.2660744190216
93	-99.9999999999986	1000	0.023068354	166.18796	-0.10000002	1.4901161e-08	-0.1	-0.1	1.8752158e-05	0.39901438	9.366397	-3.085456	89051	16.23747730255127	1364.5045523643494
94	-99.9999999999986	1000	0.004304016	166.18796	-0.10000002	1.4901161e-08	-0.1	-0.1	1.7718672e-06	0.24323077	2.5444884	-2.079678	90051	15.705200433731079	1380.2107517719269
95	-99.9999999999986	1000	0.013935975	166.18796	-0.10000002	1.4901161e-08	-0.1	-0.1	1.1429548e-05	0.52910036	9.648054	-10.190623	91051	17.078954935073853	1397.2907111644745
96	-99.9999999999986	1000	1.5129527	166.18796	-0.10000002	1.4901161e-08	-0.1	-0.1	0.001510443	0.49137414	9.743356	-7.2633896	92051	16.12452507019043	1413.4162406921387
97	-99.9999999999986	1000	1.3622047	166.18796	-0.10000002	1.4901161e-08	-0.1	-0.1	0.0013618347	0.28678468	3.5528083	-2.9056916	93051	15.20647644996643	1428.6237168312073
98	-99.9999999999986	1000	0.6195629	166.18796	-0.10000002	1.4901161e-08	-0.1	-0.1	0.0006169986	0.44692123	9.746625	-5.4577603	94051	17.085453510284424	1445.7101695537567
99	-99.9999999999986	1000	2.0298254	166.18796	-0.10000002	1.4901161e-08	-0.1	-0.1	0.0020247197	0.27607277	3.8716326	-1.6136416	95051	15.623907327651978	1461.3350760936737
100	-99.9999999999986	1000	3.2646928	166.18796	-0.10000002	1.4901161e-08	-0.1	-0.1	0.0032621778	0.19847204	2.7425423	-1.182317	96051	15.463554859161377	1476.7996308803558
101	-99.9999999999986	1000	0.1691153	166.18796	-0.10000002	1.4901161e-08	-0.1	-0.1	0.00016597087	0.47281405	9.471404	-1.993638	97051	16.496668815612793	1493.2972989082336
102	-99.9999999999986	1000	0.11598395	166.18796	-0.10000002	1.4901161e-08	-0.1	-0.1	0.00011347437	0.4866059	9.369226	-5.857176	98051	16.820332765579224	1510.1186308860779
103	-99.9999999999986	1000	0.018471505	166.18796	-0.10000002	1.4901161e-08	-0.1	-0.1	1.329422e-05	0.22691219	3.378936	-1.2024035	99051	15.200066089630127	1525.3196971416473
104	-99.9999999999986	1000	0.02021258	166.18796	-0.10000002	1.4901161e-08	-0.1	-0.1	1.6269647e-05	0.06825302	0.58962405	-0.35262358	100051	15.6123628616333	1540.9330599308014
105	-99.9999999999986	1000	0.018055785	166.18796	-0.10000002	1.4901161e-08	-0.1	-0.1	1.4766991e-05	0.064050585	0.4639048	-0.36669946	101051	16.615121126174927	1557.5496883392334
106	-99.9999999999986	1000	0.0016624342	166.18796	-0.10000002	1.4901161e-08	-0.1	-0.1	-8.134544e-08	0.26771647	4.1430216	-1.1986377	102051	15.514040470123291	1573.0647277832031
107	-99.9999999999986	1000	2.5103397	166.18796	-0.10000002	1.4901161e-08	-0.1	-0.1	0.002385925	0.19160914	2.5927489	-1.3717992	103051	15.680448532104492	1588.746181488037
108	-99.9999999999986	1000	0.0031966167	166.18796	-0.10000002	1.4901161e-08	-0.1	-0.1	2.4215356e-06	0.06569326	0.35314476	-0.28965864	104051	16.11446213722229	1604.861643075943
109	-99.9999999999986	1000	0.004707557	166.18796	-0.10000002	1.4901161e-08	-0.1	-0.1	3.3644437e-06	0.30748808	4.255575	-1.3323896	105051	15.340068340301514	1620.2027115821838
110	-99.9999999999986	1000	0.006280995	166.18796	-0.10000002	1.4901161e-08	-0.1	-0.1	3.701806e-06	0.4262888	9.5550785	-1.094533	106051	16.635433197021484	1636.8391454219818
111	-99.9999999999986	1000	0.015140193	166.18796	-0.10000002	1.4901161e-08	-0.1	-0.1	1.1317946e-05	0.1981987	3.9430008	-1.181042	107051	16.11153507232666	1652.951675415039
112	-99.9999999999986	1000	0.0074760416	166.18796	-0.10000002	1.4901161e-08	-0.1	-0.1	3.7893058e-06	0.23615555	2.8323598	-3.5745492	108051	15.704933643341064	1668.6576097011566
113	-99.9999999999986	1000	0.014794218	166.18796	-0.10000002	1.4901161e-08	-0.1	-0.1	1.1772506e-05	0.2341718	5.372397	-1.2661643	109051	15.831422090530396	1684.4900381565094
114	-99.9999999999986	1000	0.015188663	166.18796	-0.10000002	1.4901161e-08	-0.1	-0.1	1.2912571e-05	0.063163005	0.46831763	-0.36087495	110051	15.272397756576538	1699.7644352912903
115	-99.9999999999986	1000	0.0069827256	166.18796	-0.10000002	1.4901161e-08	-0.1	-0.1	3.0490382e-06	0.19957179	2.6655145	-1.0362278	111051	15.816118717193604	1715.5815529823303
116	-99.9999999999986	1000	0.6109084	166.18796	-0.10000002	1.4901161e-08	-0.1	-0.1	0.00058768725	0.2598188	3.6124985	-4.3488426	112051	15.960962057113647	1731.5435147285461
117	-99.9999999999986	1000	0.0138714	166.18796	-0.10000002	1.4901161e-08	-0.1	-0.1	1.2628988e-05	0.0659491	0.46853346	-0.29193664	113051	15.670343399047852	1747.2148597240448
118	-99.9999999999986	1000	0.006711577	166.18796	-0.10000002	1.4901161e-08	-0.1	-0.1	5.091898e-06	0.063124016	0.46761772	-0.3803462	114051	16.102118492126465	1763.3179788589478
119	-99.9999999999986	1000	2.2358763	166.18796	-0.10000002	1.4901161e-08	-0.1	-0.1	0.002232348	0.09013497	2.1202812	-0.23336348	115051	15.463200092315674	1778.782178401947
120	-99.9999999999986	1000	3.90899	166.18796	-0.10000002	1.4901161e-08	-0.1	-0.1	0.0039077136	0.24953592	3.7892706	-1.1274384	116051	15.429550647735596	1794.2127289772034
121	-99.9999999999986	1000	0.0058111236	166.18796	-0.10000002	1.4901161e-08	-0.1	-0.1	3.4729392e-06	0.06234805	0.43264195	-0.3485044	117051	16.124314785003662	1810.3390440940857
122	-99.9999999999986	1000	0.0074553806	166.18796	-0.10000002	1.4901161e-08	-0.1	-0.1	3.1768084e-06	0.20620419	2.6228137	-0.9913481	118051	15.206419467926025	1825.546464920044
123	-99.9999999999986	1000	0.0036776818	166.18796	-0.10000002	1.4901161e-08	-0.1	-0.1	-1.6373396e-07	0.36349726	4.302062	-4.4582124	119051	15.389796257019043	1840.938260793686
124	-99.9999999999986	1000	0.01983199	166.18796	-0.10000002	1.4901161e-08	-0.1	-0.1	1.7067343e-05	0.27606344	3.5390825	-2.7284799	120051	16.119986057281494	1857.0592477321625
125	-99.9999999999986	1000	0.008535112	166.18796	-0.10000002	1.4901161e-08	-0.1	-0.1	5.680084e-06	0.319982	4.3654356	-1.568884	121051	15.379449844360352	1872.4396970272064
